01001100000000000000000000000001
00110100000000000000000000000000
00010011111111011100000000001110
01101111111111111100000000000001
00100101111000000100000000000000
00010011111100000100000000001111
00101001111000000100000000000000
00100101111000001000000000000000
00010011111100001000000000000000
00101001111000001000000000000000
00010011111111011100000000001111
01101111111111111100000000000001
00100101111000010000000000000000
00110000010011011100000000000000
01000011011111111100000000000000
00100101111000010100000000000000
00111111111100011000000000000000
00110000011000010100000000000000
00101001111000010100000000000000
00100101111000011100000000000000
00100101111000100000000000000000
01010100011100100000000000000011
00010011111111011100000000010000
01101111111111111100000000000001
01001100000000000000000000011101
00110100000000000000000000000000
00010011111111011100000000010001
01101111111111111100000000000001
01001100000000000000000000011101
00110100000000000000000000000000
00111000000000000000000000000000
